[[0.91186118 1.08718583 0.93709148 0.9532158  0.95833199 0.87371791
  0.89093077 0.91521351 0.90537559 0.89146174 0.88253707 0.91126674
  0.93125331 0.91683264 0.92739351 0.91301022 0.96950642 0.87848272
  0.91994752 0.90004427 0.90400916 0.94438342 0.86605477 0.8987075
  0.96209729 0.89789155 0.93309922 0.89041229 1.01547811 0.89020474
  0.88732102 0.90310761 0.92805731 0.93731204 0.89437782 0.87215763
  0.9002299  0.88983713 0.9084411  0.8725833  0.94317628 0.87656157
  1.01251531 0.8981003  0.90715081 0.91437273 0.95350174 0.87473635
  0.92105456 0.89730025 0.90768896 0.89630741 0.88879425 0.88624527
  0.8941327  0.90995523 0.88154468 0.91267839 0.88359528 0.89154028
  0.9391558  0.89988961 0.94936565 0.86503342 0.90775143 0.88720037
  0.90675428 0.88523005 0.8803965  0.9130178  0.90464805 0.90044841
  0.92530984 0.93946433 0.87628922 0.91397137 0.88788631 0.89021026
  0.89617028 0.91793474 0.96297699 0.91480839 0.87561082 0.92310421
  0.9156467  0.87928051 0.88686831 0.89852704 0.9533423  0.94082719
  0.91599901 0.8987068  0.96661344 0.91307801 0.97219112 1.01650949
  0.92521807 0.89188831 0.91637421 0.93461532]][[1.35802552 1.53753751 1.42919574 0.75510649 1.07312964 2.13281243
  1.26277156 2.40860339 1.62199928]
 [1.16180667 1.34178441 1.86790498 1.1791059  1.78235282 1.82655773
  1.39803893 2.16713559 1.46513828]
 [1.79974943 1.43307692 1.45859016 1.34754145 1.01339253 2.27428478
  1.91985903 1.57403227 0.93193942]
 [1.77703798 1.37074756 1.24573376 1.75563548 1.63951798 1.68023481
  1.69846908 1.16896272 1.41255623]
 [2.02381843 1.2521129  0.66925994 1.39012013 1.48648389 1.99159691
  2.0115744  2.10852493 0.88480904]
 [1.18608076 1.35122919 1.59996185 1.34573568 1.61349264 1.1230279
  2.1481275  1.67354371 1.51275808]
 [1.51289047 1.74613129 1.64129618 1.77638785 1.00967995 1.46556778
  1.6090634  1.44875723 1.42504471]
 [1.49115273 1.14233747 1.78032058 1.68115493 1.90369351 1.64977767
  1.17513299 1.24819114 1.55448299]
 [1.61225224 1.798986   1.40410811 1.07681506 1.11293948 1.50709327
  1.49052061 1.50930355 2.11578382]
 [1.83849483 1.53071159 0.96121486 1.80333636 1.39296269 1.57192872
  1.48687525 1.3765113  1.67119274]
 [1.56404456 1.09116915 1.26849581 1.34180156 1.03466409 1.57816066
  2.42708455 1.22788255 2.01475875]
 [1.24115178 1.60977117 1.47731512 1.75643856 1.19307994 2.19792821
  1.18411531 1.73046729 1.27193004]
 [1.97241302 0.93513396 1.16362632 2.00996954 1.63347259 2.14296009
  1.1475734  1.04509514 1.64505333]
 [1.13878882 1.0451223  1.79086732 1.91649339 1.26718141 1.27482653
  1.41560148 1.75896385 2.04145781]
 [1.5187655  1.31750029 1.81503298 1.0232121  1.49341675 1.7635146
  1.56325816 1.66512632 1.51356001]
 [1.52986521 0.96491867 1.09302412 2.11304566 1.69608551 1.73308905
  1.76260892 1.58037874 1.14455202]
 [1.56011061 1.75250795 1.56329429 1.73807824 1.64171965 1.1690169
  1.17677936 1.40777308 1.80972112]
 [1.53965354 1.54677025 0.91512767 0.75391269 2.00015937 1.37608935
  1.76634677 2.2737068  1.31964629]
 [1.59517711 1.43291173 1.1885248  1.84268775 1.41033829 1.18174102
  1.67017695 1.34411218 1.97966511]
 [1.28318527 1.19481861 1.03159418 2.27923797 1.53457458 1.1931222
  1.57698732 1.47221227 2.01190934]
 [1.78095578 1.45607579 0.71829029 1.54776371 1.59083619 1.64772974
  1.73268347 1.56303072 1.54453826]
 [1.15782623 1.7142138  0.76061805 1.38796375 1.81382511 1.69063117
  1.56641524 2.15336583 1.44000007]
 [1.61134056 1.23543693 1.25968832 1.49614496 1.49102331 1.31252997
  1.80599693 2.04650921 1.25206681]
 [1.20461406 1.70235167 0.70864292 1.30873756 1.39381316 1.05590282
  1.92925377 2.10460721 2.09112981]
 [1.71979235 1.12600393 1.62935653 1.41904546 1.67009289 1.53030542
  1.41383064 1.77871459 1.49217735]
 [1.62952308 1.24220634 1.50886095 1.11407806 1.77050818 1.95926409
  1.44536008 1.53331946 1.35398841]
 [1.57441795 1.17437426 1.49850474 1.68378963 1.25480708 1.46430455
  1.69195079 1.73520115 1.60955383]
 [1.20211909 1.19795891 1.1481885  1.66007642 2.00060852 1.71623891
  2.02330099 1.19511505 1.44797394]
 [1.89123544 1.63446981 1.26816492 1.17898471 1.48234878 1.70644045
  1.78602781 1.81547498 1.26135531]
 [1.46236528 1.5920179  1.71453954 1.81983132 1.14913025 1.33065645
  1.30414065 1.68348315 1.51415259]
 [1.46728928 1.81333734 0.84766268 1.79837403 1.3879786  1.51095784
  1.84304315 1.18756276 1.72334531]
 [1.37009353 1.58751957 1.47751189 1.49610586 1.33515996 1.41221427
  1.54991142 1.33701621 2.07371404]
 [1.27509133 1.72160598 1.77390357 1.5068482  2.05856223 1.05945547
  1.06757253 1.67224259 1.5563997 ]
 [1.36721754 1.02434463 1.75513615 1.89428885 1.29314194 1.46704723
  2.26287983 1.30437453 1.32093783]
 [1.64187456 1.32762888 1.114952   1.28531957 1.12211723 2.4804493
  2.25483828 1.41204827 0.97543972]
 [1.47210937 1.4350189  1.83626679 1.96112807 1.20734573 1.16839946
  1.62988201 1.35217484 1.48787625]
 [0.75952763 1.27711344 1.65449636 1.44433311 1.94316763 1.65117515
  1.83548679 1.64568275 1.33096158]
 [1.32873799 1.22112095 1.39976458 1.80995195 1.60538227 1.53197806
  1.84030203 1.26450513 1.55331431]
 [1.40837525 1.3297877  2.42568309 1.63968627 1.22071932 1.44203712
  1.21064225 1.68399689 1.29796839]
 [1.65692253 1.31698895 1.22575403 1.29454593 1.39788902 1.96101879
  2.01327896 1.28477088 1.45523197]
 [1.53060004 1.58638722 1.41435211 1.17350544 1.64484464 1.631189
  1.95171905 1.54443078 1.22198784]
 [1.22902999 1.78092581 1.66750453 1.62606139 0.98929901 1.47543035
  1.50788626 1.71121104 1.5696078 ]
 [1.4395586  1.31485152 1.23279342 1.87817921 1.88435383 1.75174879
  1.42062649 1.30895419 1.74540573]
 [1.63822557 1.26690661 1.12066255 1.82788522 1.64789839 1.46547881
  1.07793995 1.8528069  1.67102921]
 [1.30978336 1.38720946 1.00410721 1.97016183 1.49154312 1.65497885
  2.02251499 1.56252405 1.19935127]
 [1.9263187  1.59070648 1.54077594 1.66204417 1.29731339 1.19115758
  1.76641317 1.55670023 1.14581023]
 [1.53760938 1.60557804 1.45353753 1.83979862 1.58799557 1.7329261
  0.83385718 2.03815401 1.16568168]
 [1.78225277 0.79061965 1.52137972 1.56821471 1.20992268 1.88812655
  1.65548057 1.69785017 1.424528  ]
 [0.96762248 1.50473679 1.62376612 1.36991251 1.61544175 1.08608632
  1.69764728 1.61647067 2.12413507]
 [1.84651114 1.47856717 1.5075395  1.72831865 1.46788198 1.68650936
  1.57093139 1.42542196 0.98546038]
 [1.41368343 1.28296203 1.92653786 1.39625479 2.12524752 1.15979132
  1.48822877 1.2803551  1.55915267]
 [1.41139663 1.33509692 1.31673763 1.76119592 1.71262623 1.82984105
  1.17918122 1.27936251 1.73457966]
 [1.52297174 1.0505178  1.0198949  1.98060181 1.50131462 2.22810554
  1.42008001 1.61630043 1.35328318]
 [0.95355259 1.58049299 1.16905445 1.60696395 1.5990961  1.15938421
  1.98144168 1.86848456 1.60862725]
 [1.323925   2.07752219 1.42082231 1.38563439 1.32980344 1.28581005
  1.29968104 2.07707598 1.41395963]
 [1.04325453 1.7542449  1.59090075 1.68146571 1.59743441 1.95574369
  1.53449784 1.61023098 0.87107437]
 [1.80963257 1.2900446  1.53628359 1.59681121 1.21060626 1.16844376
  2.08193833 1.05990443 1.79896178]
 [1.47660734 1.52183057 1.61066028 1.62824414 1.73478696 1.47596713
  1.48691883 0.96321645 1.73444465]
 [1.62574812 1.36873364 1.17759539 1.86294159 1.8383268  1.36923714
  1.34707569 1.72413813 1.3359886 ]
 [1.37585684 1.57896598 1.62786119 1.32804936 1.73932368 1.57125855
  1.22854841 0.95619813 2.20871203]
 [1.22084633 1.57210089 1.99813975 2.22815653 1.26298582 1.79077312
  1.23648845 1.13189142 1.33448839]
 [1.3762242  1.28795453 1.53623441 1.63936747 1.68724458 1.06596972
  1.60629701 1.62213865 1.72981006]
 [1.74481359 1.45246298 1.73691495 1.37895469 1.7355109  1.37914505
  1.77301028 1.25445062 1.33107373]
 [1.17488866 0.9080941  1.46748908 1.56859742 1.75218082 1.66410612
  1.95843867 0.9565414  2.05448807]
 [1.9620324  1.25626256 1.50185949 1.8742872  1.74301925 1.72739173
  1.0943635  0.85489386 1.63851082]
 [1.5176937  1.13242419 1.54272299 1.2368658  1.48003799 1.69563995
  2.13122813 1.67542527 1.16931119]
 [1.52092873 1.04029938 1.30251685 1.48102675 1.41983212 1.85290548
  1.21753437 1.91660374 1.81461609]
 [1.80736639 1.02220008 1.39718469 1.3354995  1.31491271 1.66772031
  1.84064696 1.44185296 1.70483088]
 [1.92841129 1.27154528 1.13936486 1.48018114 1.49326456 1.23721685
  2.01121042 1.72982192 1.25270579]
 [1.46482583 1.49782856 2.04024636 1.99312097 1.66209667 1.48495018
  1.74124982 1.00903441 0.8127128 ]
 [1.37044848 1.626892   1.04360755 1.70810903 1.14276399 1.7870686
  1.24505475 1.97771837 1.68884737]
 [1.47206288 1.42900341 2.14321167 1.05019986 1.28402613 1.55577846
  1.90142532 1.06636864 1.70496864]
 [1.60994056 1.36806502 1.32577267 1.729323   1.53516658 1.75804529
  1.58111295 1.53796465 1.20811838]
 [1.90474454 1.471342   1.26824236 2.1608183  1.05696189 0.99155792
  2.1282574  1.51323523 1.25799965]
 [1.22558119 1.65192132 1.89129259 1.03946088 1.23835408 1.32528426
  1.77106879 1.58761078 1.79071975]
 [1.49034654 1.5567979  1.06228742 1.00862152 1.42249762 1.36677185
  1.85028996 1.94396229 1.85636717]
 [0.81036181 1.71738776 1.72367689 1.43203784 1.44354158 1.73893701
  1.55286786 1.05777241 2.08467495]
 [1.54680858 2.54424773 1.24948054 1.11189652 1.0835086  1.49730117
  1.21193727 1.71963199 1.65260131]
 [1.04906192 1.53030153 1.04715155 1.09466302 1.34437084 2.25003759
  1.8588149  1.93994169 1.56317274]
 [0.51465852 1.48661124 1.47175653 2.32072245 1.54844439 1.63243379
  1.70057627 1.61529964 1.30204664]
 [2.38580945 1.65934649 1.5568407  1.10811308 1.39674996 1.16920496
  1.59722012 1.38661093 1.61509971]
 [1.66477314 1.0059357  1.79858953 1.49081554 1.89759843 1.05466146
  1.33511499 1.59305388 1.81971785]
 [1.28133988 1.25211135 1.57848201 2.03079145 1.44383243 1.74018728
  1.70365695 1.5019144  1.07814144]
 [1.28242384 1.51786399 1.40809409 2.12645824 0.8145742  2.03968628
  1.62427574 1.53151127 1.30806184]
 [1.38946715 1.20652986 1.70536663 1.92442134 2.01361315 1.90455445
  1.16752761 1.12255039 1.20959222]
 [1.8180071  1.52167586 1.67955412 1.26841433 1.35687075 1.55049909
  1.46068189 1.43320103 1.51523457]
 [2.1139974  0.66943373 1.51104906 1.83824118 1.90907037 1.44141527
  1.30414286 1.16615791 1.65334262]
 [1.30802378 1.37201057 1.57320766 1.76792608 1.36945961 1.78691501
  1.08651337 1.38602304 1.91883693]
 [1.7023493  0.93116279 2.04296165 1.11718139 1.47910827 1.72925923
  1.55129479 1.63871261 1.58095739]
 [1.78940456 0.88220822 0.75064057 2.26822972 1.61461715 1.8881383
  1.42099414 1.02184409 2.03780481]
 [1.82582127 1.44086034 1.26413879 1.43975984 1.5234092  1.84774318
  1.74145309 1.44361752 1.12460555]
 [1.66821519 1.48373286 1.04655403 1.23897627 1.67182755 1.51843879
  1.70139376 1.4229442  1.80028287]
 [2.0801028  1.57478325 1.48381281 1.26670261 1.60583082 1.28219512
  1.59800852 1.443941   1.53286135]
 [1.34430139 0.80871357 1.72512092 1.04232365 2.30941566 1.28190645
  1.70035197 1.87290504 1.51286842]
 [1.27240244 1.85171439 1.84790303 1.6276664  1.62039768 2.0962117
  0.87631917 1.45010408 1.20446824]
 [1.29991309 1.49829498 1.33796986 1.76102758 1.72576678 2.09859323
  1.86656468 1.3890102  1.03337195]
 [1.11410611 1.97190889 1.83744168 1.19834594 1.57670335 0.98628335
  1.22943534 1.59655312 2.12129713]
 [1.58573228 1.47998217 1.54538701 0.71109389 1.23490098 1.66676006
  1.65682529 2.13268215 1.53946207]
 [1.11671903 1.23939338 1.7865893  1.90728758 1.84668835 1.87689953
  1.36518699 1.32928047 1.18129542]
 [1.40742494 1.03978774 1.77974669 1.38211337 1.87215496 2.19131465
  1.35790351 1.48692981 1.19565441]]